2018/11/30-15:06:37.289041 7f3688296700 RocksDB version: 5.7.3
2018/11/30-15:06:37.289056 7f3688296700 Git sha rocksdb_build_git_sha:
2018/11/30-15:06:37.289058 7f3688296700 Compile date Sep  1 2017
2018/11/30-15:06:37.289059 7f3688296700 DB SUMMARY
2018/11/30-15:06:37.289083 7f3688296700 CURRENT file:  CURRENT
2018/11/30-15:06:37.289084 7f3688296700 IDENTITY file:  IDENTITY
2018/11/30-15:06:37.289087 7f3688296700 MANIFEST file:  MANIFEST-000007 size: 116 Bytes
2018/11/30-15:06:37.289089 7f3688296700 SST files in /home/gaspar_d/Projects/kafka-scripts/java/ref-stream/ref-stream/ref-stream/0_0/KSTREAM-JOINOTHER-0000000006-store/KSTREAM-JOINOTHER-0000000006-store.1543579200000 dir, Total Num: 1, files: 000006.sst 
2018/11/30-15:06:37.289090 7f3688296700 Write Ahead Log file in /home/gaspar_d/Projects/kafka-scripts/java/ref-stream/ref-stream/ref-stream/0_0/KSTREAM-JOINOTHER-0000000006-store/KSTREAM-JOINOTHER-0000000006-store.1543579200000: 000003.log size: 0 ; 
2018/11/30-15:06:37.289092 7f3688296700                         Options.error_if_exists: 0
2018/11/30-15:06:37.289093 7f3688296700                       Options.create_if_missing: 1
2018/11/30-15:06:37.289093 7f3688296700                         Options.paranoid_checks: 1
2018/11/30-15:06:37.289094 7f3688296700                                     Options.env: 0x7f360b956880
2018/11/30-15:06:37.289095 7f3688296700                                Options.info_log: 0x7f360c32c830
2018/11/30-15:06:37.289096 7f3688296700                Options.max_file_opening_threads: 16
2018/11/30-15:06:37.289096 7f3688296700                               Options.use_fsync: 0
2018/11/30-15:06:37.289097 7f3688296700                       Options.max_log_file_size: 0
2018/11/30-15:06:37.289098 7f3688296700                  Options.max_manifest_file_size: 18446744073709551615
2018/11/30-15:06:37.289099 7f3688296700                   Options.log_file_time_to_roll: 0
2018/11/30-15:06:37.289099 7f3688296700                       Options.keep_log_file_num: 1000
2018/11/30-15:06:37.289100 7f3688296700                    Options.recycle_log_file_num: 0
2018/11/30-15:06:37.289101 7f3688296700                         Options.allow_fallocate: 1
2018/11/30-15:06:37.289101 7f3688296700                        Options.allow_mmap_reads: 0
2018/11/30-15:06:37.289102 7f3688296700                       Options.allow_mmap_writes: 0
2018/11/30-15:06:37.289103 7f3688296700                        Options.use_direct_reads: 0
2018/11/30-15:06:37.289103 7f3688296700                        Options.use_direct_io_for_flush_and_compaction: 0
2018/11/30-15:06:37.289104 7f3688296700          Options.create_missing_column_families: 0
2018/11/30-15:06:37.289105 7f3688296700                              Options.db_log_dir: 
2018/11/30-15:06:37.289106 7f3688296700                                 Options.wal_dir: /home/gaspar_d/Projects/kafka-scripts/java/ref-stream/ref-stream/ref-stream/0_0/KSTREAM-JOINOTHER-0000000006-store/KSTREAM-JOINOTHER-0000000006-store.1543579200000
2018/11/30-15:06:37.289106 7f3688296700                Options.table_cache_numshardbits: 6
2018/11/30-15:06:37.289107 7f3688296700                      Options.max_subcompactions: 1
2018/11/30-15:06:37.289108 7f3688296700                  Options.max_background_flushes: 1
2018/11/30-15:06:37.289108 7f3688296700                         Options.WAL_ttl_seconds: 0
2018/11/30-15:06:37.289109 7f3688296700                       Options.WAL_size_limit_MB: 0
2018/11/30-15:06:37.289110 7f3688296700             Options.manifest_preallocation_size: 4194304
2018/11/30-15:06:37.289111 7f3688296700                     Options.is_fd_close_on_exec: 1
2018/11/30-15:06:37.289111 7f3688296700                   Options.advise_random_on_open: 1
2018/11/30-15:06:37.289112 7f3688296700                    Options.db_write_buffer_size: 0
2018/11/30-15:06:37.289113 7f3688296700         Options.access_hint_on_compaction_start: 1
2018/11/30-15:06:37.289113 7f3688296700  Options.new_table_reader_for_compaction_inputs: 0
2018/11/30-15:06:37.289114 7f3688296700               Options.compaction_readahead_size: 0
2018/11/30-15:06:37.289114 7f3688296700           Options.random_access_max_buffer_size: 1048576
2018/11/30-15:06:37.289137 7f3688296700           Options.writable_file_max_buffer_size: 1048576
2018/11/30-15:06:37.289138 7f3688296700                      Options.use_adaptive_mutex: 0
2018/11/30-15:06:37.289139 7f3688296700                            Options.rate_limiter: (nil)
2018/11/30-15:06:37.289140 7f3688296700     Options.sst_file_manager.rate_bytes_per_sec: 0
2018/11/30-15:06:37.289140 7f3688296700                          Options.bytes_per_sync: 0
2018/11/30-15:06:37.289141 7f3688296700                      Options.wal_bytes_per_sync: 0
2018/11/30-15:06:37.289142 7f3688296700                       Options.wal_recovery_mode: 2
2018/11/30-15:06:37.289143 7f3688296700                  Options.enable_thread_tracking: 0
2018/11/30-15:06:37.289143 7f3688296700                  Options.enable_pipelined_write: 0
2018/11/30-15:06:37.289144 7f3688296700         Options.allow_concurrent_memtable_write: 1
2018/11/30-15:06:37.289145 7f3688296700      Options.enable_write_thread_adaptive_yield: 1
2018/11/30-15:06:37.289146 7f3688296700             Options.write_thread_max_yield_usec: 100
2018/11/30-15:06:37.289147 7f3688296700            Options.write_thread_slow_yield_usec: 3
2018/11/30-15:06:37.289147 7f3688296700                               Options.row_cache: None
2018/11/30-15:06:37.289148 7f3688296700                              Options.wal_filter: None
2018/11/30-15:06:37.289149 7f3688296700             Options.avoid_flush_during_recovery: 0
2018/11/30-15:06:37.289150 7f3688296700             Options.allow_ingest_behind: 0
2018/11/30-15:06:37.289151 7f3688296700             Options.concurrent_prepare: 0
2018/11/30-15:06:37.289152 7f3688296700             Options.manual_wal_flush: 0
2018/11/30-15:06:37.289152 7f3688296700             Options.max_background_jobs: 2
2018/11/30-15:06:37.289153 7f3688296700             Options.max_background_compactions: 7
2018/11/30-15:06:37.289154 7f3688296700             Options.avoid_flush_during_shutdown: 0
2018/11/30-15:06:37.289155 7f3688296700             Options.delayed_write_rate : 16777216
2018/11/30-15:06:37.289156 7f3688296700             Options.max_total_wal_size: 0
2018/11/30-15:06:37.289156 7f3688296700             Options.delete_obsolete_files_period_micros: 21600000000
2018/11/30-15:06:37.289157 7f3688296700                   Options.stats_dump_period_sec: 600
2018/11/30-15:06:37.289158 7f3688296700                          Options.max_open_files: -1
2018/11/30-15:06:37.289159 7f3688296700 Compression algorithms supported:
2018/11/30-15:06:37.289160 7f3688296700 	Snappy supported: 1
2018/11/30-15:06:37.289161 7f3688296700 	Zlib supported: 1
2018/11/30-15:06:37.289161 7f3688296700 	Bzip supported: 1
2018/11/30-15:06:37.289162 7f3688296700 	LZ4 supported: 1
2018/11/30-15:06:37.289163 7f3688296700 	ZSTD supported: 1
2018/11/30-15:06:37.289164 7f3688296700 Fast CRC32 supported: 0
2018/11/30-15:06:37.289294 7f3688296700               Options.comparator: leveldb.BytewiseComparator
2018/11/30-15:06:37.289296 7f3688296700           Options.merge_operator: None
2018/11/30-15:06:37.289297 7f3688296700        Options.compaction_filter: None
2018/11/30-15:06:37.289297 7f3688296700        Options.compaction_filter_factory: None
2018/11/30-15:06:37.289298 7f3688296700         Options.memtable_factory: SkipListFactory
2018/11/30-15:06:37.289299 7f3688296700            Options.table_factory: BlockBasedTable
2018/11/30-15:06:37.289320 7f3688296700            table_factory options:   flush_block_policy_factory: FlushBlockBySizePolicyFactory (0x7f360c32f200)
  cache_index_and_filter_blocks: 0
  cache_index_and_filter_blocks_with_high_priority: 0
  pin_l0_filter_and_index_blocks_in_cache: 0
  index_type: 0
  hash_index_allow_collision: 1
  checksum: 1
  no_block_cache: 0
  block_cache: 0x7f360c3573f8
  block_cache_name: LRUCache
  block_cache_options:
    capacity : 52428800
    num_shard_bits : 6
    strict_capacity_limit : 0
    high_pri_pool_ratio: 0.000
  block_cache_compressed: (nil)
  persistent_cache: (nil)
  block_size: 4096
  block_size_deviation: 10
  block_restart_interval: 16
  index_block_restart_interval: 1
  filter_policy: nullptr
  whole_key_filtering: 1
  format_version: 0
2018/11/30-15:06:37.289329 7f3688296700        Options.write_buffer_size: 16777216
2018/11/30-15:06:37.289330 7f3688296700  Options.max_write_buffer_number: 3
2018/11/30-15:06:37.289331 7f3688296700          Options.compression: NoCompression
2018/11/30-15:06:37.289332 7f3688296700                  Options.bottommost_compression: Disabled
2018/11/30-15:06:37.289333 7f3688296700       Options.prefix_extractor: nullptr
2018/11/30-15:06:37.289333 7f3688296700   Options.memtable_insert_with_hint_prefix_extractor: nullptr
2018/11/30-15:06:37.289334 7f3688296700             Options.num_levels: 7
2018/11/30-15:06:37.289335 7f3688296700        Options.min_write_buffer_number_to_merge: 1
2018/11/30-15:06:37.289336 7f3688296700     Options.max_write_buffer_number_to_maintain: 0
2018/11/30-15:06:37.289336 7f3688296700            Options.compression_opts.window_bits: -14
2018/11/30-15:06:37.289337 7f3688296700                  Options.compression_opts.level: -1
2018/11/30-15:06:37.289338 7f3688296700               Options.compression_opts.strategy: 0
2018/11/30-15:06:37.289339 7f3688296700         Options.compression_opts.max_dict_bytes: 0
2018/11/30-15:06:37.289340 7f3688296700      Options.level0_file_num_compaction_trigger: 4
2018/11/30-15:06:37.289340 7f3688296700          Options.level0_slowdown_writes_trigger: 20
2018/11/30-15:06:37.289341 7f3688296700              Options.level0_stop_writes_trigger: 36
2018/11/30-15:06:37.289342 7f3688296700                   Options.target_file_size_base: 67108864
2018/11/30-15:06:37.289343 7f3688296700             Options.target_file_size_multiplier: 1
2018/11/30-15:06:37.289344 7f3688296700                Options.max_bytes_for_level_base: 268435456
2018/11/30-15:06:37.289344 7f3688296700 Options.level_compaction_dynamic_level_bytes: 0
2018/11/30-15:06:37.289345 7f3688296700          Options.max_bytes_for_level_multiplier: 10.000000
2018/11/30-15:06:37.289347 7f3688296700 Options.max_bytes_for_level_multiplier_addtl[0]: 1
2018/11/30-15:06:37.289348 7f3688296700 Options.max_bytes_for_level_multiplier_addtl[1]: 1
2018/11/30-15:06:37.289349 7f3688296700 Options.max_bytes_for_level_multiplier_addtl[2]: 1
2018/11/30-15:06:37.289350 7f3688296700 Options.max_bytes_for_level_multiplier_addtl[3]: 1
2018/11/30-15:06:37.289350 7f3688296700 Options.max_bytes_for_level_multiplier_addtl[4]: 1
2018/11/30-15:06:37.289351 7f3688296700 Options.max_bytes_for_level_multiplier_addtl[5]: 1
2018/11/30-15:06:37.289352 7f3688296700 Options.max_bytes_for_level_multiplier_addtl[6]: 1
2018/11/30-15:06:37.289353 7f3688296700       Options.max_sequential_skip_in_iterations: 8
2018/11/30-15:06:37.289353 7f3688296700                    Options.max_compaction_bytes: 1677721600
2018/11/30-15:06:37.289354 7f3688296700                        Options.arena_block_size: 2097152
2018/11/30-15:06:37.289355 7f3688296700   Options.soft_pending_compaction_bytes_limit: 68719476736
2018/11/30-15:06:37.289356 7f3688296700   Options.hard_pending_compaction_bytes_limit: 274877906944
2018/11/30-15:06:37.289357 7f3688296700       Options.rate_limit_delay_max_milliseconds: 100
2018/11/30-15:06:37.289358 7f3688296700                Options.disable_auto_compactions: 0
2018/11/30-15:06:37.289359 7f3688296700                        Options.compaction_style: kCompactionStyleUniversal
2018/11/30-15:06:37.289360 7f3688296700                          Options.compaction_pri: kByCompensatedSize
2018/11/30-15:06:37.289361 7f3688296700 Options.compaction_options_universal.size_ratio: 1
2018/11/30-15:06:37.289362 7f3688296700 Options.compaction_options_universal.min_merge_width: 2
2018/11/30-15:06:37.289362 7f3688296700 Options.compaction_options_universal.max_merge_width: 4294967295
2018/11/30-15:06:37.289363 7f3688296700 Options.compaction_options_universal.max_size_amplification_percent: 200
2018/11/30-15:06:37.289364 7f3688296700 Options.compaction_options_universal.compression_size_percent: -1
2018/11/30-15:06:37.289369 7f3688296700 Options.compaction_options_universal.stop_style: kCompactionStopStyleTotalSize
2018/11/30-15:06:37.289370 7f3688296700 Options.compaction_options_fifo.max_table_files_size: 1073741824
2018/11/30-15:06:37.289371 7f3688296700 Options.compaction_options_fifo.allow_compaction: 0
2018/11/30-15:06:37.289371 7f3688296700 Options.compaction_options_fifo.ttl: 0
2018/11/30-15:06:37.289372 7f3688296700                   Options.table_properties_collectors: 
2018/11/30-15:06:37.289373 7f3688296700                   Options.inplace_update_support: 0
2018/11/30-15:06:37.289374 7f3688296700                 Options.inplace_update_num_locks: 10000
2018/11/30-15:06:37.289375 7f3688296700               Options.memtable_prefix_bloom_size_ratio: 0.000000
2018/11/30-15:06:37.289376 7f3688296700   Options.memtable_huge_page_size: 0
2018/11/30-15:06:37.289377 7f3688296700                           Options.bloom_locality: 0
2018/11/30-15:06:37.289377 7f3688296700                    Options.max_successive_merges: 0
2018/11/30-15:06:37.289378 7f3688296700                Options.optimize_filters_for_hits: 0
2018/11/30-15:06:37.289379 7f3688296700                Options.paranoid_file_checks: 0
2018/11/30-15:06:37.289380 7f3688296700                Options.force_consistency_checks: 0
2018/11/30-15:06:37.289380 7f3688296700                Options.report_bg_io_stats: 0
