2018/11/30-15:06:37.235237 7f3688296700 RocksDB version: 5.7.3
2018/11/30-15:06:37.235262 7f3688296700 Git sha rocksdb_build_git_sha:
2018/11/30-15:06:37.235264 7f3688296700 Compile date Sep  1 2017
2018/11/30-15:06:37.235267 7f3688296700 DB SUMMARY
2018/11/30-15:06:37.235311 7f3688296700 CURRENT file:  CURRENT
2018/11/30-15:06:37.235312 7f3688296700 IDENTITY file:  IDENTITY
2018/11/30-15:06:37.235315 7f3688296700 MANIFEST file:  MANIFEST-000053 size: 177 Bytes
2018/11/30-15:06:37.235317 7f3688296700 SST files in /home/gaspar_d/Projects/kafka-scripts/java/ref-stream/ref-stream/ref-stream/0_0/KSTREAM-JOINTHIS-0000000005-store/KSTREAM-JOINTHIS-0000000005-store.1543492800000 dir, Total Num: 2, files: 000050.sst 000051.sst 
2018/11/30-15:06:37.235319 7f3688296700 Write Ahead Log file in /home/gaspar_d/Projects/kafka-scripts/java/ref-stream/ref-stream/ref-stream/0_0/KSTREAM-JOINTHIS-0000000005-store/KSTREAM-JOINTHIS-0000000005-store.1543492800000: 000054.log size: 0 ; 
2018/11/30-15:06:37.235321 7f3688296700                         Options.error_if_exists: 0
2018/11/30-15:06:37.235322 7f3688296700                       Options.create_if_missing: 1
2018/11/30-15:06:37.235323 7f3688296700                         Options.paranoid_checks: 1
2018/11/30-15:06:37.235323 7f3688296700                                     Options.env: 0x7f360b956880
2018/11/30-15:06:37.235324 7f3688296700                                Options.info_log: 0x7f360c2a77c0
2018/11/30-15:06:37.235325 7f3688296700                Options.max_file_opening_threads: 16
2018/11/30-15:06:37.235325 7f3688296700                               Options.use_fsync: 0
2018/11/30-15:06:37.235326 7f3688296700                       Options.max_log_file_size: 0
2018/11/30-15:06:37.235327 7f3688296700                  Options.max_manifest_file_size: 18446744073709551615
2018/11/30-15:06:37.235327 7f3688296700                   Options.log_file_time_to_roll: 0
2018/11/30-15:06:37.235328 7f3688296700                       Options.keep_log_file_num: 1000
2018/11/30-15:06:37.235328 7f3688296700                    Options.recycle_log_file_num: 0
2018/11/30-15:06:37.235329 7f3688296700                         Options.allow_fallocate: 1
2018/11/30-15:06:37.235330 7f3688296700                        Options.allow_mmap_reads: 0
2018/11/30-15:06:37.235330 7f3688296700                       Options.allow_mmap_writes: 0
2018/11/30-15:06:37.235331 7f3688296700                        Options.use_direct_reads: 0
2018/11/30-15:06:37.235331 7f3688296700                        Options.use_direct_io_for_flush_and_compaction: 0
2018/11/30-15:06:37.235332 7f3688296700          Options.create_missing_column_families: 0
2018/11/30-15:06:37.235333 7f3688296700                              Options.db_log_dir: 
2018/11/30-15:06:37.235333 7f3688296700                                 Options.wal_dir: /home/gaspar_d/Projects/kafka-scripts/java/ref-stream/ref-stream/ref-stream/0_0/KSTREAM-JOINTHIS-0000000005-store/KSTREAM-JOINTHIS-0000000005-store.1543492800000
2018/11/30-15:06:37.235334 7f3688296700                Options.table_cache_numshardbits: 6
2018/11/30-15:06:37.235334 7f3688296700                      Options.max_subcompactions: 1
2018/11/30-15:06:37.235335 7f3688296700                  Options.max_background_flushes: 1
2018/11/30-15:06:37.235336 7f3688296700                         Options.WAL_ttl_seconds: 0
2018/11/30-15:06:37.235336 7f3688296700                       Options.WAL_size_limit_MB: 0
2018/11/30-15:06:37.235337 7f3688296700             Options.manifest_preallocation_size: 4194304
2018/11/30-15:06:37.235337 7f3688296700                     Options.is_fd_close_on_exec: 1
2018/11/30-15:06:37.235338 7f3688296700                   Options.advise_random_on_open: 1
2018/11/30-15:06:37.235339 7f3688296700                    Options.db_write_buffer_size: 0
2018/11/30-15:06:37.235339 7f3688296700         Options.access_hint_on_compaction_start: 1
2018/11/30-15:06:37.235340 7f3688296700  Options.new_table_reader_for_compaction_inputs: 0
2018/11/30-15:06:37.235340 7f3688296700               Options.compaction_readahead_size: 0
2018/11/30-15:06:37.235341 7f3688296700           Options.random_access_max_buffer_size: 1048576
2018/11/30-15:06:37.235348 7f3688296700           Options.writable_file_max_buffer_size: 1048576
2018/11/30-15:06:37.235349 7f3688296700                      Options.use_adaptive_mutex: 0
2018/11/30-15:06:37.235349 7f3688296700                            Options.rate_limiter: (nil)
2018/11/30-15:06:37.235351 7f3688296700     Options.sst_file_manager.rate_bytes_per_sec: 0
2018/11/30-15:06:37.235352 7f3688296700                          Options.bytes_per_sync: 0
2018/11/30-15:06:37.235352 7f3688296700                      Options.wal_bytes_per_sync: 0
2018/11/30-15:06:37.235353 7f3688296700                       Options.wal_recovery_mode: 2
2018/11/30-15:06:37.235353 7f3688296700                  Options.enable_thread_tracking: 0
2018/11/30-15:06:37.235354 7f3688296700                  Options.enable_pipelined_write: 0
2018/11/30-15:06:37.235355 7f3688296700         Options.allow_concurrent_memtable_write: 1
2018/11/30-15:06:37.235355 7f3688296700      Options.enable_write_thread_adaptive_yield: 1
2018/11/30-15:06:37.235356 7f3688296700             Options.write_thread_max_yield_usec: 100
2018/11/30-15:06:37.235356 7f3688296700            Options.write_thread_slow_yield_usec: 3
2018/11/30-15:06:37.235357 7f3688296700                               Options.row_cache: None
2018/11/30-15:06:37.235358 7f3688296700                              Options.wal_filter: None
2018/11/30-15:06:37.235358 7f3688296700             Options.avoid_flush_during_recovery: 0
2018/11/30-15:06:37.235359 7f3688296700             Options.allow_ingest_behind: 0
2018/11/30-15:06:37.235360 7f3688296700             Options.concurrent_prepare: 0
2018/11/30-15:06:37.235360 7f3688296700             Options.manual_wal_flush: 0
2018/11/30-15:06:37.235362 7f3688296700             Options.max_background_jobs: 2
2018/11/30-15:06:37.235362 7f3688296700             Options.max_background_compactions: 7
2018/11/30-15:06:37.235363 7f3688296700             Options.avoid_flush_during_shutdown: 0
2018/11/30-15:06:37.235364 7f3688296700             Options.delayed_write_rate : 16777216
2018/11/30-15:06:37.235364 7f3688296700             Options.max_total_wal_size: 0
2018/11/30-15:06:37.235365 7f3688296700             Options.delete_obsolete_files_period_micros: 21600000000
2018/11/30-15:06:37.235365 7f3688296700                   Options.stats_dump_period_sec: 600
2018/11/30-15:06:37.235366 7f3688296700                          Options.max_open_files: -1
2018/11/30-15:06:37.235367 7f3688296700 Compression algorithms supported:
2018/11/30-15:06:37.235367 7f3688296700 	Snappy supported: 1
2018/11/30-15:06:37.235368 7f3688296700 	Zlib supported: 1
2018/11/30-15:06:37.235369 7f3688296700 	Bzip supported: 1
2018/11/30-15:06:37.235369 7f3688296700 	LZ4 supported: 1
2018/11/30-15:06:37.235375 7f3688296700 	ZSTD supported: 1
2018/11/30-15:06:37.235377 7f3688296700 Fast CRC32 supported: 0
2018/11/30-15:06:37.235564 7f3688296700               Options.comparator: leveldb.BytewiseComparator
2018/11/30-15:06:37.235565 7f3688296700           Options.merge_operator: None
2018/11/30-15:06:37.235566 7f3688296700        Options.compaction_filter: None
2018/11/30-15:06:37.235567 7f3688296700        Options.compaction_filter_factory: None
2018/11/30-15:06:37.235567 7f3688296700         Options.memtable_factory: SkipListFactory
2018/11/30-15:06:37.235568 7f3688296700            Options.table_factory: BlockBasedTable
2018/11/30-15:06:37.235586 7f3688296700            table_factory options:   flush_block_policy_factory: FlushBlockBySizePolicyFactory (0x7f360c2a14f0)
  cache_index_and_filter_blocks: 0
  cache_index_and_filter_blocks_with_high_priority: 0
  pin_l0_filter_and_index_blocks_in_cache: 0
  index_type: 0
  hash_index_allow_collision: 1
  checksum: 1
  no_block_cache: 0
  block_cache: 0x7f360c2a15f8
  block_cache_name: LRUCache
  block_cache_options:
    capacity : 52428800
    num_shard_bits : 6
    strict_capacity_limit : 0
    high_pri_pool_ratio: 0.000
  block_cache_compressed: (nil)
  persistent_cache: (nil)
  block_size: 4096
  block_size_deviation: 10
  block_restart_interval: 16
  index_block_restart_interval: 1
  filter_policy: nullptr
  whole_key_filtering: 1
  format_version: 0
2018/11/30-15:06:37.235594 7f3688296700        Options.write_buffer_size: 16777216
2018/11/30-15:06:37.235595 7f3688296700  Options.max_write_buffer_number: 3
2018/11/30-15:06:37.235596 7f3688296700          Options.compression: NoCompression
2018/11/30-15:06:37.235597 7f3688296700                  Options.bottommost_compression: Disabled
2018/11/30-15:06:37.235597 7f3688296700       Options.prefix_extractor: nullptr
2018/11/30-15:06:37.235598 7f3688296700   Options.memtable_insert_with_hint_prefix_extractor: nullptr
2018/11/30-15:06:37.235599 7f3688296700             Options.num_levels: 7
2018/11/30-15:06:37.235599 7f3688296700        Options.min_write_buffer_number_to_merge: 1
2018/11/30-15:06:37.235600 7f3688296700     Options.max_write_buffer_number_to_maintain: 0
2018/11/30-15:06:37.235600 7f3688296700            Options.compression_opts.window_bits: -14
2018/11/30-15:06:37.235601 7f3688296700                  Options.compression_opts.level: -1
2018/11/30-15:06:37.235602 7f3688296700               Options.compression_opts.strategy: 0
2018/11/30-15:06:37.235602 7f3688296700         Options.compression_opts.max_dict_bytes: 0
2018/11/30-15:06:37.235603 7f3688296700      Options.level0_file_num_compaction_trigger: 4
2018/11/30-15:06:37.235604 7f3688296700          Options.level0_slowdown_writes_trigger: 20
2018/11/30-15:06:37.235604 7f3688296700              Options.level0_stop_writes_trigger: 36
2018/11/30-15:06:37.235605 7f3688296700                   Options.target_file_size_base: 67108864
2018/11/30-15:06:37.235606 7f3688296700             Options.target_file_size_multiplier: 1
2018/11/30-15:06:37.235606 7f3688296700                Options.max_bytes_for_level_base: 268435456
2018/11/30-15:06:37.235607 7f3688296700 Options.level_compaction_dynamic_level_bytes: 0
2018/11/30-15:06:37.235607 7f3688296700          Options.max_bytes_for_level_multiplier: 10.000000
2018/11/30-15:06:37.235609 7f3688296700 Options.max_bytes_for_level_multiplier_addtl[0]: 1
2018/11/30-15:06:37.235610 7f3688296700 Options.max_bytes_for_level_multiplier_addtl[1]: 1
2018/11/30-15:06:37.235611 7f3688296700 Options.max_bytes_for_level_multiplier_addtl[2]: 1
2018/11/30-15:06:37.235611 7f3688296700 Options.max_bytes_for_level_multiplier_addtl[3]: 1
2018/11/30-15:06:37.235612 7f3688296700 Options.max_bytes_for_level_multiplier_addtl[4]: 1
2018/11/30-15:06:37.235612 7f3688296700 Options.max_bytes_for_level_multiplier_addtl[5]: 1
2018/11/30-15:06:37.235613 7f3688296700 Options.max_bytes_for_level_multiplier_addtl[6]: 1
2018/11/30-15:06:37.235614 7f3688296700       Options.max_sequential_skip_in_iterations: 8
2018/11/30-15:06:37.235614 7f3688296700                    Options.max_compaction_bytes: 1677721600
2018/11/30-15:06:37.235615 7f3688296700                        Options.arena_block_size: 2097152
2018/11/30-15:06:37.235616 7f3688296700   Options.soft_pending_compaction_bytes_limit: 68719476736
2018/11/30-15:06:37.235616 7f3688296700   Options.hard_pending_compaction_bytes_limit: 274877906944
2018/11/30-15:06:37.235617 7f3688296700       Options.rate_limit_delay_max_milliseconds: 100
2018/11/30-15:06:37.235618 7f3688296700                Options.disable_auto_compactions: 0
2018/11/30-15:06:37.235619 7f3688296700                        Options.compaction_style: kCompactionStyleUniversal
2018/11/30-15:06:37.235620 7f3688296700                          Options.compaction_pri: kByCompensatedSize
2018/11/30-15:06:37.235620 7f3688296700 Options.compaction_options_universal.size_ratio: 1
2018/11/30-15:06:37.235621 7f3688296700 Options.compaction_options_universal.min_merge_width: 2
2018/11/30-15:06:37.235622 7f3688296700 Options.compaction_options_universal.max_merge_width: 4294967295
2018/11/30-15:06:37.235622 7f3688296700 Options.compaction_options_universal.max_size_amplification_percent: 200
2018/11/30-15:06:37.235623 7f3688296700 Options.compaction_options_universal.compression_size_percent: -1
2018/11/30-15:06:37.235627 7f3688296700 Options.compaction_options_universal.stop_style: kCompactionStopStyleTotalSize
2018/11/30-15:06:37.235628 7f3688296700 Options.compaction_options_fifo.max_table_files_size: 1073741824
2018/11/30-15:06:37.235628 7f3688296700 Options.compaction_options_fifo.allow_compaction: 0
2018/11/30-15:06:37.235629 7f3688296700 Options.compaction_options_fifo.ttl: 0
2018/11/30-15:06:37.235630 7f3688296700                   Options.table_properties_collectors: 
2018/11/30-15:06:37.235630 7f3688296700                   Options.inplace_update_support: 0
2018/11/30-15:06:37.235631 7f3688296700                 Options.inplace_update_num_locks: 10000
2018/11/30-15:06:37.235631 7f3688296700               Options.memtable_prefix_bloom_size_ratio: 0.000000
2018/11/30-15:06:37.235632 7f3688296700   Options.memtable_huge_page_size: 0
2018/11/30-15:06:37.235633 7f3688296700                           Options.bloom_locality: 0
2018/11/30-15:06:37.235633 7f3688296700                    Options.max_successive_merges: 0
2018/11/30-15:06:37.235634 7f3688296700                Options.optimize_filters_for_hits: 0
2018/11/30-15:06:37.235635 7f3688296700                Options.paranoid_file_checks: 0
2018/11/30-15:06:37.235635 7f3688296700                Options.force_consistency_checks: 0
2018/11/30-15:06:37.235636 7f3688296700                Options.report_bg_io_stats: 0
